1858892013
-1229321352
-2114060110
490885089
1848513659
-68319119
-241844284
-147438136
-83400724
1733792626
525793554
1280054033
-32635623
-1672442074
700287640
1
-1156286159
1007952424
1234190891
244599853
644263363
2047695265
1178274521
287133224
1409907854
-1577418325
-850222637
-202029501
951362195
-705905029
-191964529
1960571935
1741584051
176728725
-995148923
-629562443
259642159
-872358698
-1753162430
-616299548
-367933172
995293857
233694996
745248094
1878775373
1996358735
-122156125
-1789566516
1882439925
-1164226957
-1658851284
-1223852465
-378537996
10
789578003
249094107
1756483447
-718580863
1737471205
-680281993
1442746014
1650088517
-2092751672
-1296445535
3
142179713
-107107621
-1389726542
126639468
562010683
-444577572
1607712888
959423705
1224481681
-236300693
1037311289
-878077454
1701094625
2129108782
5587917
-744941743
-1420277876
897204794
-2104295950
1910612985
1321222240
1909745380
-2113278459
-723475407
-1466815518
-1780692946
1294983908
1607415541
1052686139
-162714446
1645208822
1592991385
1545170602
291826110
1623059539
